H1 13 6 1 H1-13-6 TTTTTTTTTTTTT -124.574147146,-81.7915542108,-126.508871624,98.0313160409,-101.55082336,-83.566010808,-125.080854044,-103.965777236,-72.818136996,-65.5316337522,-111.900922274,-128.909944087,-158.360002864 122.828939454,136.60302857,150.631882832,-5.10564304081,127.457443024,-4.46816413618,-168.421830874,128.930003895,119.799100845,-47.8387379554,136.628098663,157.829277572,-179.851290181 178.601249931,177.093209898,171.562079642,171.965989716,177.694591043,-171.761344227,-178.049315779,177.270451723,170.436273143,-174.691215893,176.450369062,162.44511991,-174.897037404
H1 13 7 1 H1-13-7 TTTTTTTTTTTTT -104.917918653,-102.735390736,-120.09010139,78.2180860803,-160.757902987,-105.169891104,-74.5296656594,-76.7990278068,-128.027146584,79.9141250528,-112.781584929,-121.315327216,-123.164069093 124.395093589,137.17257336,151.637254091,8.61880083685,161.347230014,130.49671411,-0.988264434583,-3.41385255106,147.307369231,-177.297068257,132.020198099,136.21312328,161.749350194 176.775022773,-176.403410971,174.536327186,173.789011277,176.428024457,170.912386245,-178.270069558,178.27097483,170.472753565,176.85436117,-175.929970476,-172.840706714,-162.251369804
H1 13 5 1 H1-13-5 TTTTTTTTTTTTT -103.46337388,-95.9093183228,-146.457445085,96.5614148501,-83.9713449145,-71.1944182834,-62.5358978311,-90.8042309162,-75.9665347373,-92.9374610326,-154.6564515,-123.902335165,-141.006173838 113.83452484,144.202388826,165.387289558,-132.72367223,65.7643123811,-23.2796118565,-23.0618161483,1.19258921461,127.823785419,-32.6686963072,138.699829092,133.865540494,163.052805768 -178.181291099,-177.252820313,178.590582264,-176.308412725,-174.764713187,-171.423657831,178.675900804,178.023655243,-178.226492612,178.696384073,-168.931222831,171.617657738,179.64690271
H1 13 3 1 H1-13-3 TTTTTTTTTTTTT -101.721842503,-116.584454268,-90.4282388448,85.4521100879,-112.772696982,-80.464774673,-52.5008133387,-81.4487409183,-106.748882827,-105.999476092,-109.834619539,-127.974495006,-124.737545369 129.689514326,133.947118738,165.391618462,-172.730759376,8.93877922213,-16.5476979444,-46.2353857117,1.79500607623,-14.243344336,174.550708446,146.265048657,130.258369017,161.547357743 -179.880207413,-171.205945899,171.304251431,177.626605754,-172.77097602,179.352943357,-162.905996816,-175.941635263,178.385735545,-172.899481344,171.552322573,-164.91298263,-165.241213071
H1 13 1 1 H1-13-1 TTTTTTTTTTTTT -83.3179208571,-101.073386017,-151.467574555,87.8955629408,-160.394319734,-76.5901897966,-60.5066604725,-72.6552926245,-91.478107635,-126.39319472,-74.0533112413,-118.941007382,-118.205090136 122.92637271,149.710523622,166.090811198,3.89963970788,172.219089499,110.12961452,-38.9281600713,-14.6079063044,-9.48290980173,144.103988777,146.051047623,136.38026132,153.475060007 178.090147421,-175.867035921,171.155210842,176.274829439,-179.252029876,176.972261478,-167.815435545,-175.25356401,-167.96446894,-174.024305093,172.269138309,170.070210273,179.912461785
H1 13 11 1 H1-13-11 TTTTTTTTTTTTT -92.8143212521,-123.296746278,-152.447460729,96.5603559781,-155.828308376,-83.1528685546,-65.510610199,-69.225967276,85.6937891105,-133.559910985,-75.9951634021,-137.712129319,-138.982947002 132.865092229,142.920921809,160.123118025,-0.717535627732,175.42986339,118.995961501,-48.9555795675,154.468147924,-5.12990549814,131.577654547,161.580384084,151.35635261,146.522609798 -179.181916085,-173.609306154,175.963249245,175.855824102,177.701796779,174.726473882,-176.940050045,163.616062472,-168.713092058,179.910796112,172.954058664,-175.195177463,-178.520128242
H1 13 12 1 H1-13-12 TTTTTTTTTTTTT -95.4286702498,-138.653023915,-56.3814919555,-48.0216781622,-61.5319814767,-72.2725577169,-59.2488558796,-77.3797463222,-114.109780842,-130.255526602,-86.7617975111,-87.719725153,-143.154363329 155.920767354,154.755812435,149.665801089,-50.3419116443,-40.9401587081,-40.78049226,-48.8099951975,-4.53306627751,-9.90224673922,159.121746364,124.690956605,142.585865422,175.190631572 174.168417347,172.459588801,174.840317654,178.427618859,-179.423481325,178.489732319,-179.090201525,-176.805982945,-171.435908298,-173.850478178,164.20530983,178.320406828,-179.059996
H1 13 13 1 H1-13-13 TTTTTTTTTTTTT -114.336669102,-110.851196215,-148.77183528,98.8300200303,-85.6778856008,-101.182703941,-109.514462755,-72.9591911923,-107.987705767,-159.579834877,-136.688296406,-136.348887002,170.350000909 136.816364564,145.289210544,166.590556112,-137.923635044,73.9570404372,149.321510722,161.753591828,-23.896831918,122.769434104,170.277695692,144.906145744,149.655223455,-160.437929558 -179.876347329,-177.315905282,178.670517656,-177.935882308,-174.509379574,-176.465149021,-176.038455237,-178.166214909,175.097277741,-171.03673738,165.230856633,-179.769991872,174.234559364
H1 13 14 1 H1-13-14 TTTTTTTTTTTTT -97.2604976417,-106.863379705,-141.178292442,88.3219681695,-60.719434675,-58.3596390174,-58.2888305479,-73.2645631961,-86.0131612981,-120.848830519,-71.3417308047,-111.316214439,-134.96408231 134.836114761,149.922744314,171.921275515,-125.302539995,155.948055272,127.089603706,-36.3907806756,-2.78561876649,-2.92497052747,133.592210073,133.183448906,143.221648538,143.74328579 178.022676554,175.497749211,172.16697675,-169.525100426,-179.065280032,-175.378001997,-178.608969501,-177.50042533,168.20847997,-171.369125979,159.377805451,-176.735223712,-178.667876092
H1 13 15 1 H1-13-15 TTTTTTTTTTTTT -104.213162881,-92.3038367072,-84.0449143138,-139.5455407,-61.3320854688,-107.918432527,-56.7518217689,-99.1190908578,-83.8173762099,-55.4142057313,-113.453680504,-122.363686119,-141.363349813 124.528354475,143.863322554,-8.64896587554,172.950046529,132.145842833,2.74201698816,-36.0041892248,3.49926637795,118.280403927,-54.2852498226,128.29118077,131.621116253,163.480862279 175.956695172,175.153663696,-177.302869458,179.748424835,-176.650348968,176.134408182,-170.46079556,-176.735277992,-178.962153405,-171.167573199,-176.77613674,167.081609643,-167.049868343
H1 13 16 1 H1-13-16 TTTTTTTTTTTTT -105.779519282,-113.092140748,-79.9323618588,55.6702462843,56.6945232496,-86.1439299253,-57.3052153039,-99.0789598046,-95.7530819772,-136.567608233,-78.0493381357,-94.7353818612,-112.169995432 131.123400042,121.382219834,177.094801872,36.423938396,26.4061932351,-1.81833034264,-28.5995095116,3.5152755462,-9.8981797893,152.558067135,117.840177753,132.995443095,158.071175787 179.94640801,-176.321770371,177.227989255,167.523275563,178.313174125,-172.040443583,-168.748190153,179.559671158,-175.752475599,-174.468678987,162.641521912,-175.079957646,-179.445651044
H1 13 17 1 H1-13-17 TTTTTTTTTTTTT -121.584842927,-84.8408568775,-78.1650684868,-93.0877329878,-58.1696524441,-67.027815582,-101.40144404,-47.3945569326,-91.6001494147,-70.8762764249,-128.003992884,-116.247746379,-121.565882558 125.420494501,149.087439871,-30.5120038267,133.942371552,136.396153857,145.302133867,165.852987108,-35.9745415132,8.07208093536,141.836008654,134.810037008,132.266268894,163.950490834 176.196897036,-177.150927675,178.18588649,173.534523056,175.024597023,-178.448099487,171.498587722,175.54185561,-178.903452564,177.468498007,174.510633191,174.249781592,179.226867302
H1 14 1 1 H1-14-1 TTTTTTTTTTTTTT -92.6014283439,-103.664402961,-124.030114956,86.6733243125,-159.057561791,-85.7107007385,-73.4182221951,-102.150082554,-83.4155577162,-172.454422865,82.6025345092,-110.662273279,-124.529993251,-109.23256861 121.309226728,127.757097343,150.71464956,-3.86967448549,142.125072384,131.303703728,-1.46013126572,-5.95369785892,-42.4208302207,170.043646492,165.800168508,151.491656829,108.327044731,151.99872347 174.911926243,-176.532081155,172.383752103,176.397162396,173.859252272,-177.052427749,-177.581892361,177.583193198,-176.065583732,-176.168586029,169.051561071,172.78338876,-162.433827791,-161.974600548
H1 14 2 1 H1-14-2 TTTTTTTTTTTTTT -90.4144177263,-101.765584766,-118.432225027,76.0118720263,171.570276862,-74.1962619229,-98.5632316397,-103.237748288,-80.1120771232,-74.0810976787,-141.315429376,-91.9159710436,-105.902006688,-117.760547562 120.532433036,121.898791922,162.135504133,16.931199082,147.985967573,159.104101772,-2.59560504451,12.5607437503,-178.008311338,65.5945402315,155.267187573,132.788938327,120.606401022,147.277030084 178.033588453,-176.601419588,177.01475871,176.742990574,-179.235447708,-175.840596479,-178.535694054,179.268752712,177.278598487,-176.461192793,-176.727674918,167.599797253,173.826580631,-166.726720652
H1 15 1 1 H1-15-1 TTTTTTTTTTTTTTT -104.970168105,-115.03576127,-141.634676247,86.001079419,-157.318451314,-104.027551375,-77.3097979835,-113.061757654,-83.5342636783,-43.5371686948,84.6972014525,-82.072550343,-151.760282574,-135.483720843,-121.527889796 129.61984777,148.424963611,155.630552103,0.758409573896,160.592763871,137.61260922,5.17017324924,5.57777919747,134.461191609,133.015342961,-7.08436083806,137.303826527,153.007363957,135.115993182,165.487077753 179.515848758,-169.653529004,174.29212964,175.271838113,167.453491747,178.782253362,179.83661405,169.516420837,-176.509516403,177.563880357,172.444675966,179.785160652,-179.951570496,177.951932576,176.433836228
H1 15 2 1 H1-15-2 TTTTTTTTTTTTTTT -100.709873989,-99.7268491509,-134.239410594,77.466509016,168.868013749,-86.157187874,-74.148127938,-89.184142516,-65.5732161245,-73.017948274,-92.9060491514,-121.522152678,-117.828329769,-130.263813521,-124.722340096 124.367241465,130.662497685,163.645629609,16.9875402837,159.946635565,143.289267627,-13.4419118409,16.7031133085,131.591231633,-17.1154136347,0.630239867044,144.744095574,164.730926594,119.885802752,164.425298677 179.494669077,-178.331908464,175.923873227,-177.981138137,-179.406491037,-179.146696313,178.01882395,-176.043623928,176.425410811,-176.427070675,-177.48154002,-174.187499571,169.694334518,-174.252604702,-171.031137547
H2 10 cis7-1 1 H2-10-cis7-1 TTTTTTCTTT -119.220326985,-137.053728954,-105.505741664,-67.5751987719,-70.0072543367,-81.7985146405,-83.6704379716,-117.236356054,-138.543177196,-127.038644813 149.23732134,133.990820903,107.398193583,-24.7988783243,-10.5001110806,-75.3730472405,126.503055154,153.498671548,151.437239969,132.797188597 178.969634183,176.369516028,174.422216183,-172.515468781,176.708210956,-173.286435014,-1.24627951214,178.994398221,173.638017867,169.244760583
H2 10 5 1 H2-10-5 TTTTTTTTTT -140.731909327,-152.05493479,-79.7344982721,-59.6099256703,-86.9970065618,95.96669263,-106.044968914,47.4525466805,-67.0621234791,-130.663907764 148.248692589,141.058641041,176.025401477,-37.7387868156,2.92307832998,7.19143527888,-174.338112656,51.8344058578,125.27921417,146.291321536 177.672694922,172.302448217,-175.02482436,-170.286292337,-178.502319184,178.41461316,-178.862522798,-178.619615742,175.626097999,-174.339357838
H2 10 1 1 H2-10-1 TTTTTTTTTT -134.849225327,-145.704216741,-84.995645138,-64.3095465619,-64.7944934626,-119.570621538,77.3710851077,-58.8008333402,-122.480127142,-131.952435194 165.663761796,135.227653782,112.870365215,-29.9478821959,-43.4487108243,-5.36721659004,10.7298964061,135.877287349,151.118750772,126.49233095 178.025891558,-177.343586004,175.21477534,-174.625665108,-179.13465846,-176.56344618,178.816613629,174.597584777,-176.327343183,171.369873021
H2 10 2 1 H2-10-2 TTTTTTTTTT -142.133644881,-129.697458438,-68.0224714951,-61.1320911504,-89.2130632807,84.139572022,-78.3823075373,-117.199893595,-135.760597094,-136.81428292 146.39961968,136.854850481,169.249483775,-38.4164406389,-9.91790766498,9.03064948531,-29.0510718568,135.054862659,145.345742734,151.576543626 174.745285087,174.233408829,-178.097102925,-174.908953697,-179.417760417,178.462613716,-177.287548064,179.019801097,175.887859468,176.870216847
H2 10 4 1 H2-10-4 TTTTTTTTTT -139.572797065,-136.279649432,-75.5693203419,-54.8190367703,64.2641997381,58.3580221376,-63.9319786482,-134.525047534,-124.545427288,-129.042222855 147.476962903,123.904210807,169.302403703,143.15253446,11.0523641778,26.9353141348,-36.4774164666,133.506704597,131.258212722,146.655100448 175.176123004,178.37317213,-178.337109555,172.780258125,179.166520806,-177.637471,-174.368697611,-179.587841843,172.971607747,-176.326286494
H2 10 12 1 H2-10-12 TTTTTTTTTT -143.544946107,-126.831010384,-70.573112203,-62.1378912673,-84.9772447019,92.4255102604,-78.7819150456,-103.035212515,-130.009615997,-120.647157898 149.353304081,115.775891529,164.553668563,-22.334294809,-0.0525935719392,4.93320045993,132.317981134,136.639216528,137.228203704,151.418666161 176.239701496,175.447197523,-177.57874718,176.874139418,176.506437691,176.805445463,-179.495327287,-178.180737768,179.576623786,-178.437589693
H2 10 10 1 H2-10-10 TTTTTTTTTT -143.794577458,-130.176113692,-99.3673669497,-34.7788182368,-57.9020049129,-67.6627316606,-114.845211291,-80.5526183727,-131.24465937,-133.84657384 143.528344618,142.552833374,107.838533065,-61.2545134469,-57.0978373378,-168.71356409,25.3086353672,122.144193974,148.329430418,122.777543566 177.130365299,177.601538296,173.250837871,-170.47044438,-178.039833877,-177.332045267,167.901550334,-178.11269409,176.219285389,172.016826653
H2 10 11 1 H2-10-11 TTTTTTTTTT -140.728704105,-145.845160687,-88.0561129477,-62.353868346,91.3998268479,-145.625012794,-144.856420418,-83.4097583766,-118.803695609,-141.962927816 165.691427108,153.139497008,117.692109292,130.494704766,3.83368321055,-154.422687394,10.9105165555,124.385248754,156.783716905,142.595909301 170.801559906,173.49286457,168.184962142,174.094666492,-176.193488199,-178.166561183,-171.673178116,179.99425939,179.599340805,173.01682922
H2 10 6 1 H2-10-6 TTTTTTTTTT -134.680368788,-143.459604407,-88.0994336844,-42.4867485585,-103.054703518,112.977559775,73.4189115286,-52.0793966117,-128.592052209,-136.483358993 149.174929403,145.974550928,128.001421254,-57.8654300145,123.783572212,-39.6460284695,10.4661435301,139.478605158,146.93975392,140.371912785 -176.41256402,178.695953551,171.212322365,169.57756042,-175.704792909,-178.904761529,-178.501909471,178.164973352,-174.439463457,174.771432823
H2 10 3 1 H2-10-3 TTTTTTTTTT -129.656753416,-133.04999474,-101.222917066,-68.7493076785,117.648450784,-120.066156023,78.3707448613,-58.2499237068,-132.48886869,-138.87782421 160.971061109,133.783916875,103.145051201,140.857497096,-41.8937029169,-21.885704445,-1.95934174632,134.839865604,152.166296085,136.438253484 174.283088848,166.333898035,170.483577795,176.734161842,-170.150302218,176.284561043,-175.338815388,178.813858766,-177.88162524,169.689741227
H2 12 1 1 H2-12-1 TTTTTTTTTTTT -139.133436375,-123.043789604,-77.4439342514,-86.9914744675,-60.4480094475,-58.2672908537,-106.290074292,74.1737903157,54.9456210763,-75.6490206503,-111.143868743,-136.895209492 164.082360679,131.736815887,177.197732865,-178.501844664,-43.0590878627,-27.1184341892,19.2783006971,16.7629887484,33.5985445695,156.211802305,150.609240065,155.790895983 171.906145996,167.730938275,-173.53475651,-177.799477203,-176.132906716,-178.141967501,179.31547831,169.728108458,176.99375264,177.97281341,-174.641033322,166.854261587
H2 9 1 1 H2-9-1 TTTTTTTTT -150.714646192,-122.426991079,-83.9092246016,-56.7507230904,-89.2272102617,93.3806911566,-75.7359147049,-117.198519003,-138.098673725 164.065078169,133.118445991,179.218303098,-33.5139971592,2.22156418533,-1.2031978284,139.83304405,152.419068294,135.304972421 175.821209588,174.433108243,178.204482946,-178.199943073,-177.693148093,178.71128403,177.87619901,-177.155618671,174.024038881
H3 10 1 1 H3-10-1 TTTTTTTTTT -143.554792859,-87.746521165,-113.357388063,-133.242573339,46.9224270567,91.5267526381,-119.904886759,-100.540739032,-98.5955197974,-141.270080873 148.131868356,134.516234722,122.801462717,123.863951498,38.3241538557,-7.85381412227,158.807667423,101.532669966,-7.05103167489,132.657624905 177.689719931,172.696380263,-176.224948055,-179.535475548,177.441956607,172.916664464,179.107498006,-175.619294871,-168.661189476,169.64331564
H3 10 2 1 H3-10-2 TTTTTTTTTT -145.977544465,-97.7476709782,-65.6711466906,-129.079820373,64.897176845,-83.5022156271,-113.900096419,-132.102249919,-94.2365637779,-119.291365839 150.064925343,134.139697886,136.871653859,84.9254406666,-126.693418907,1.07454325457,-172.648894863,108.769227963,-36.3979472197,129.194909643 -173.117831417,-176.115808305,178.442234259,173.050951884,-171.094211092,172.313487186,-174.828895699,-176.970149655,-172.682238806,-179.538788934
H3 11 1 1 H3-11-1 TTTTTTTTTTT -150.149945617,-79.9998641505,-105.929257419,-109.612268267,-47.7293114793,-67.8783743605,81.0722375583,-136.081221216,-84.4586653989,-88.8096119367,-132.422970971 134.129545361,129.137594905,140.694723639,155.490952,-45.8240169707,7.51358832927,27.2571303943,154.218366376,123.307036194,-43.7714730425,117.675152101 -179.476861935,-178.853262982,-176.817370878,-177.03771219,165.417402567,178.125022455,165.913846159,-179.145766651,168.192751983,179.443633417,-172.025975123
H3 11 4 1 H3-11-4 TTTTTTTTTTT -140.542234735,-95.7218859911,-78.2414167752,-114.660396753,-62.2889207265,64.7471098733,72.0706823304,-83.1107309795,-108.452560766,-69.6976077435,-118.864710299 154.350487836,120.491142026,123.19925652,-144.153726326,137.346433763,23.2710747554,19.4433546057,164.325766144,96.7225866565,-50.2513365114,129.914231795 -173.662453545,177.43094327,177.932217655,-177.943321876,-175.635478696,175.697820464,179.929193273,178.464092054,178.706155956,-172.63408626,-175.646066253
H3 11 3 1 H3-11-3 TTTTTTTTTTT -149.648914347,-104.848977148,-141.403441884,-86.4453412863,-49.7321454974,72.5669762741,-100.106814908,-175.26597014,-88.6914055518,-87.4544647389,-114.79204624 157.282865301,153.205626255,120.822758373,136.726564104,130.425816822,1.20743808286,-106.065044139,172.500506979,91.7916851527,-40.90254972,131.031769612 178.442744693,-174.889598848,178.728447782,162.552827846,-175.815295094,-179.177777235,173.148824171,-166.755593521,-177.827271318,-177.072613678,-176.440097227
H3 12 1 1 H3-12-1 TTTTTTTTTTTT -147.529902328,-95.4105225808,-126.639806971,-110.764737868,-81.7228403058,-75.1327939763,-96.9347910014,56.4827857528,-144.392090484,-96.8450698755,-91.6890932075,-118.135255843 155.638357727,139.998299937,143.855748216,136.628011582,-21.3727065807,-38.9356594866,-8.39893808774,31.0961839463,172.30311542,119.088272995,-38.2000873695,141.442617552 -176.167201719,169.278292287,-179.189893057,175.913070932,174.478379094,178.708931738,179.808897319,179.297608553,-174.534319486,172.102326919,-174.74366702,178.65276568
H3 12 4 1 H3-12-4 TTTTTTTTTTTT -146.587708297,-105.005533682,-115.038131447,-114.011959009,-58.13513953,-97.24921989,-165.192189658,-88.3903662013,-90.9107808173,-104.821927137,-91.2821294193,-121.350031796 157.083552383,134.456002434,168.287289256,153.555268119,-32.7836571011,6.97525492024,100.485958302,38.8915692866,153.34569666,102.314689205,-34.0378745965,134.865697937 -176.74497881,-174.740660373,168.13901656,178.576719574,-173.331556077,179.662228082,-172.496708431,-179.217278841,163.12076901,-170.98611029,-170.608319928,178.276272219
H3 12 3 1 H3-12-3 TTTTTTTTTTTT -143.153799642,-97.047978919,-77.1483301887,-77.2497245164,-63.5180653919,53.1873677923,-141.062275231,-89.6727566267,-124.195759669,-85.1627650324,-81.6564463548,-151.945530105 150.549084877,140.348848282,148.918984786,168.042160435,131.247787583,25.6543878366,142.18822115,47.340743974,153.101268511,94.3410326307,-13.2318541645,123.492557317 -167.974224116,176.68828463,168.381593665,174.969739539,175.247386957,175.966901415,176.274972465,173.226471817,-179.346675594,-178.471258321,-177.942177552,174.874911798
H3 13 2 1 H3-13-2 TTTTTTTTTTTTT -154.451083855,-123.224750114,-78.1472317683,-65.4525942361,-115.017199245,-60.4321227333,-105.266638402,-100.132325691,-137.15108605,-91.7470053825,-86.6561236069,-87.8443138446,-128.445195666 153.020392218,139.76462991,171.833233472,-46.9387923469,161.315172177,-26.7248721693,-4.59870321091,-172.541217719,17.2870895614,106.11182441,94.3680303746,-19.5356830385,124.961584319 -174.506200244,176.734402404,179.392020926,172.600492232,178.708658941,-171.283552537,-173.262984378,-165.258905929,-171.048198196,176.27603683,-163.812259473,-175.982078539,-177.854431206
H3 6 2 1 H3-6-2 TTTTTT -148.751296463,-88.3517188663,47.3225517258,62.296796902,-121.401866385,-105.938961777 140.070801702,113.569758191,33.8326759304,18.1601969812,-29.2566633699,121.726052711 -174.465092684,169.900095552,178.934879062,174.144277519,176.358752221,172.815784249
H3 6 1 1 H3-6-1 TTTTTT -133.012639127,-71.2934370276,51.2939694435,-109.444226436,-93.8921638795,-126.877087335 125.45370764,112.372005296,-132.722166465,7.21389206168,-44.0658789318,122.951059101 -174.890470139,172.326883759,-172.874092061,174.391879489,-167.3973847,-173.600263472
H3 7 1 1 H3-7-1 TTTTTTT -155.97520734,-73.753855467,-61.7206970913,-66.5743797252,77.1250409975,-80.5738470951,-126.809765266 162.419206986,155.827593017,-37.8554315999,-12.6958293674,3.86741418221,-24.3791507644,133.2299392 -178.497500073,177.949111979,179.258279501,-179.848722319,179.182584462,-179.143638597,179.280871471
H3 8 2 1 H3-8-2 TTTTTTTT -132.292124065,-75.3053141554,78.7993407357,-61.6106774115,-82.4180104329,44.3483500948,-85.1423273226,-137.330132879 129.224016034,131.873910332,166.782594295,-19.0688007809,-14.1862362667,48.3200197647,-18.775790411,134.214318299 176.436138539,-177.474163681,161.998106794,166.626467368,179.940747126,-173.385747919,-168.472204333,175.83569136
H3 9 1 1 H3-9-1 TTTTTTTTT -134.547473343,-116.892567276,-122.957626688,-141.943337977,58.7255877082,-83.0569225505,-107.587637868,-137.226523761,-120.799599112 141.640029686,135.992788651,123.069256549,118.088355102,-134.562871452,-3.46016764363,154.010577573,120.589057308,134.724581615 -176.201046557,177.329538415,176.434983307,173.035616897,-173.203255665,-175.026204377,-167.583344458,-167.043384698,-177.39085489
H3 9 2 1 H3-9-2 TTTTTTTTT -161.025609186,-77.7316513869,-127.079982713,-109.68643337,-106.399128678,-154.95625362,-76.4536640671,-80.1200761154,-109.61733228 137.00613631,148.969969208,123.536427274,-82.8829336877,-16.3634536889,-177.76051731,81.2982572759,-41.2851690529,145.466986234 -177.487070072,172.259094905,-179.928855203,170.707581383,170.248713803,175.29359564,-179.906489402,-170.978219659,178.224750406
H3 9 3 1 H3-9-3 TTTTTTTTT -145.491270706,-102.263596064,145.463570911,-119.976490484,-144.290074731,-120.289585188,-95.4084569572,-92.1074381368,-141.144891339 154.179526795,144.166012404,156.49681864,-1.62132878018,-39.9000681102,154.968618936,97.7789824998,-19.1710296724,135.303500401 173.571105714,-171.575780719,173.258254688,175.203348115,169.28918648,167.528476135,179.58133595,-163.253660325,174.409981259
L1 10 1 1 L1-10-1 TTTTTTTTTT -109.484669777,-105.396692661,-68.0841728895,-138.672154578,-67.4026627547,-128.989707678,-75.0003840005,-144.872374548,-125.029597269,-123.828868439 133.700011902,144.400262507,-21.4781999639,157.212695165,142.790379073,151.465784155,-36.6055624071,157.688338448,147.38827638,152.634178347 -179.274085362,-179.080500008,179.80018297,178.772040944,-179.788753879,178.297167887,-178.333498838,-179.307461808,177.682758128,178.959856116
L1 11 4 1 L1-11-4 TTTTTTTTTTT -113.667588877,-157.414792319,-69.3574065955,-88.1044383128,-59.9356409159,-56.9762167385,-113.067210416,-124.96179562,-68.0497255786,-114.300869735,-125.807741682 128.996576352,141.410000914,-27.2350132376,-0.891401559348,-29.217770509,-37.1718759621,2.0347840943,136.310380756,155.309712333,140.370078508,141.243667167 -176.305703106,178.946852634,-174.569770316,-177.554133094,-179.439932547,174.49141821,-178.559619436,179.916408092,178.056576769,174.614148159,179.541914007
L1 11 5 1 L1-11-5 TTTTTTTTTTT -95.5190151244,-77.514705895,-74.5577860877,-150.364820683,-64.8785856075,-132.51726321,-74.4065186819,-150.650217051,-80.4439717654,-132.473153216,-133.305920938 119.4584731,136.269427569,-10.7058112395,169.156618789,136.848239104,129.071528626,-62.305042271,-12.5075650015,75.5099786589,138.044089927,158.658252871 175.711217494,175.047943437,-176.729649355,172.66629738,-168.653155135,178.386475995,-175.346599428,-176.838358273,-173.504901813,175.592945614,-176.448445849
L1 11 6 1 L1-11-6 TTTTTTTTTTT -119.011972908,-87.3480225544,-69.155609607,-158.837190876,-49.4705010454,-113.391372816,-96.8332753369,61.6677262627,-84.156436594,-123.829068358,-129.554366523 122.079179991,143.696443666,-12.9764120812,162.069291381,120.596448725,155.064793145,47.7996322022,15.4788393244,63.1303608862,142.243904321,142.275661573 179.915037528,173.759887303,178.895733273,177.105404265,-179.409711592,173.226176204,170.074361392,178.176368797,173.637534078,-174.773981641,177.26735009
L1 11 1 1 L1-11-1 TTTTTTTTTTT -118.03584471,-93.2025862071,-73.1248458704,-146.472009372,-63.0438980357,-121.784835017,49.8795567034,-110.760010574,-85.1815407207,-129.529241044,-116.776816758 127.565233822,142.519366953,-9.32692392642,162.19522004,125.025453593,22.2629915196,-124.24955017,19.435728871,64.4321884671,136.673139493,154.168429118 -179.495946859,176.448518487,179.289386946,179.264757911,176.065607734,179.492855634,-175.95991842,179.155443007,-173.52030839,-178.766395832,176.652804778
L1 11 2 1 L1-11-2 TTTTTTTTTTT -119.107422414,-88.7846564662,-71.7573985947,-154.262077476,-53.0822836741,-116.563564325,50.7234492843,72.130740217,-84.241761378,-131.155582899,-127.227082659 119.46605975,151.688600552,-11.7543186361,169.875472465,123.346704069,7.2048932545,49.1007268382,2.66832954274,72.6403496869,146.21487939,159.537129716 -177.812802392,-179.123704441,179.716032064,173.463012692,175.145228526,176.369774946,165.420460991,173.112343072,179.518099869,174.760920381,177.950356956
L1 11 3 1 L1-11-3 TTTTTTTTTTT -104.702664154,-167.035292744,-62.0186642646,48.9409819188,-72.6829367059,-66.5663878431,-82.2762208859,-110.284628983,-86.0253286458,-102.068878817,-112.678973755 140.228954182,155.259035643,116.554060652,54.635495679,-21.7212280103,-17.3105006239,-15.0322819224,157.401951219,120.541068592,129.635059322,152.656229008 -174.951475021,178.64464204,179.954682639,-177.569621946,-175.251583203,178.717819442,-179.83425899,-177.22070719,173.507882392,-176.384171046,177.031845965
L1 12 1 1 L1-12-1 TTTTTTTTTTTT -107.269235195,-100.664546439,-66.9287435251,-144.18019871,-69.1619413897,-127.93854603,-62.5325815331,-64.5741507815,-79.0793541298,-116.626103886,-112.737832242,-133.353036189 125.968895611,138.442528424,-16.2686009862,158.225849381,127.715652428,150.868279681,144.250959573,-9.68540836199,-8.98098883346,12.8686072767,121.216258968,160.941163626 -176.391734436,-179.281358839,-179.534328864,178.223621673,179.164679596,179.761109925,177.236476373,177.938937566,176.630586837,-173.665245681,-179.414804839,-174.487268483
L1 12 2 1 L1-12-2 TTTTTTTTTTTT -112.345469755,-101.392392101,-68.2979616166,-142.365076566,-57.1717131439,-86.0215776851,-59.4826523304,53.2683024195,49.3660343253,-76.8591430636,-129.277084325,-117.127105693 129.547605961,143.589914784,-24.1269137255,162.68506773,132.974006541,122.395043841,126.794403921,29.2309106574,37.4830529031,77.6917032865,121.385460024,153.846012573 178.028695354,-176.344525796,-178.355299679,175.821316766,-178.273727316,-178.120589757,-177.076665597,177.320897583,-177.280679972,175.998644598,-172.756833282,-179.671446614
L1 13 2 1 L1-13-2 TTTTTTTTTTTTT -101.831642888,-80.4152317079,-68.4789009596,-147.938361088,82.086734294,-83.9552862028,-53.6185468702,-78.4680431836,-77.0981340672,-144.630995385,-55.1406357823,-116.577298877,-122.396129755 124.999380875,126.611166278,-37.7928623767,145.770586351,163.302412057,127.721561147,-33.3058481492,-3.88526151785,-19.0967205622,139.923015399,151.341271342,134.24244775,158.158501873 -168.542932667,173.291837354,-170.498165579,-175.584887478,-173.876060556,-172.720633343,176.045169366,-178.371406653,-176.592090119,-179.515151521,179.42202422,174.071782873,178.777279722
L1 13 1 1 L1-13-1 TTTTTTTTTTTTT -114.996606473,-133.551490776,-133.274795395,-65.225993433,-81.6977081776,-111.544824434,-61.4920777284,-57.4804368301,-118.57896291,-140.400857922,-77.8183385764,-99.9145668189,-118.860839882 130.540237551,-148.16867859,176.310390194,-29.2411599479,-16.0462032783,-88.3608505588,-41.7311377804,-25.1481145414,-2.06603094533,163.637912253,141.421622484,139.107359508,156.715411535 -175.72213418,179.632205709,-174.973393913,-176.518279269,-177.687695185,174.296586587,-173.458891288,-176.155494238,-172.238324224,-169.392002338,178.032533313,-178.206922773,171.357169189
L1 14 1 1 L1-14-1 TTTTTTTTTTTTTT -107.268563161,-106.828401439,-74.5487425496,-86.6726999016,143.933191584,-66.8466787646,-86.0652620355,-116.216071311,-63.8682677779,-71.3555368952,-86.5245738566,36.4612528987,-58.7642924653,-112.783334855 144.489456508,134.225004834,-20.4536296265,-4.28330898474,-159.120696225,147.853928445,127.976989447,176.302364927,-28.8377548741,-9.18186507526,-7.49436371193,58.7508083463,127.193380071,152.839563185 -176.889347731,178.443901893,179.748181135,-178.231390541,-179.819985327,179.526828408,176.635848913,-179.719290331,177.798927996,179.500289251,176.242827899,178.009879853,-177.092313121,179.505086595
L1 14 3 1 L1-14-3 TTTTTTTTTTTTTT -106.747306769,-101.233899554,-140.321134721,-60.3292441454,-88.9786387056,-127.189177053,-54.9621425053,-64.5615016105,-84.5673850167,106.066440031,-72.9887810017,-53.2557814973,-102.876254391,-114.136113221 114.420479426,-155.662628696,175.928746089,-21.3618103767,-8.97612573315,-97.8579583438,-45.2549023225,-18.7641127716,-10.9242014967,3.9928007102,123.519918384,146.586825268,133.585299585,149.475417945 -177.797235282,-179.83962851,-179.837129354,179.555779046,179.083597311,178.640795424,179.524085347,179.049108822,177.403032921,-179.040411844,178.626576684,177.372980107,179.156366493,174.958558209
L1 14 2 1 L1-14-2 TTTTTTTTTTTTTT -99.3497793138,-136.253536309,-135.150277025,-59.6380280744,-83.6115071649,-141.821399536,-54.9783162545,-76.821128059,-104.472163907,-139.075088306,-101.589044545,-123.883287469,-93.9236527812,-122.378671699 132.948749607,-142.8582669,-179.447418075,-20.9430960686,-8.9060392572,-97.9330594837,-43.9718010283,-13.2394095824,-19.1246323766,162.353190523,53.2402221445,44.4121353757,127.253083682,158.589272318 -171.919181703,178.766243656,-178.00631418,176.075568339,-175.683470666,-173.130182105,-177.279402765,-178.724382962,-174.939229351,-177.819340004,171.864201034,-175.740904137,176.942169972,173.786687374
L1 15 1 1 L1-15-1 TTTTTTTTTTTTTTT -116.054971521,-102.93600515,-65.0937594849,-152.671313637,-59.7785804925,-111.32389667,-88.860351911,-148.26326567,60.4867946048,75.9264816159,-117.459483273,-102.646076846,-92.9188776515,-132.368263671,-110.647647662 133.937505195,141.423346849,-17.7557371703,167.293353663,139.672012671,10.4603430921,142.384731803,123.76943879,41.3683598751,0.675425377855,153.182523263,125.492820317,64.4660884546,127.367404416,154.658879081 175.3647075,-178.761976114,-176.013534324,170.311835668,-175.221534778,-174.458755147,178.194959459,175.878960711,177.903145275,179.879911984,176.773579755,-175.953505748,-174.92119355,-176.038042423,175.111771355
L1 15 4 1 L1-15-4 TTTTTTTTTTTTTTT -112.934859586,-94.3888759822,-70.563619782,-145.501166787,-59.7953845742,-127.100645422,-129.126194053,-107.04198353,-67.7353499452,-117.416847984,-139.079232407,-119.374715073,-108.23306793,-136.384330093,-118.128622034 125.15497159,147.906727957,-17.537569349,163.973763324,138.3364518,31.1315887715,156.731895481,-175.709265058,-13.0483360405,-25.0527420208,142.478395541,137.254296666,72.3261301074,131.661465614,155.657921424 174.282008237,-179.250355713,-179.128146611,172.410945504,178.588530944,174.858387814,175.99927404,156.924169594,177.553359455,-179.063903665,-176.618981058,178.050631932,-166.980984833,-176.773725211,175.893790585
L1 15 3 1 L1-15-3 TTTTTTTTTTTTTTT -117.035311351,-100.10753852,-71.7519388773,-125.450849686,-56.9331852921,-122.172156939,-92.3344769789,-93.2471387359,76.8243471655,-106.225897021,-70.7180461454,-86.4380788899,-107.893329806,-91.097358023,-128.961798513 139.128387591,151.067769581,-35.5292172623,160.791892378,155.368914698,-12.9840981191,126.888633487,98.5700346818,-102.3067889,-31.5057278953,119.816096812,139.86126205,34.4308341428,134.397768834,149.131583628 -179.849591018,-179.559734255,178.65798339,-179.912020509,178.964473557,179.918565964,176.690672662,179.743459235,-177.367598929,179.947565972,-178.812511392,177.073199874,-179.143380666,179.400279118,179.260009137
L1 16 1 1 L1-16-1 TTTTTTTTTTTTTTTT -120.79372282,-105.195688639,-75.7261115787,-140.103215216,-58.7341627761,-96.2788224376,-74.7125855128,-87.0133867642,-66.0379158615,-89.2111559051,88.8430625876,-97.2060289556,-116.130953226,-83.0789457135,-118.116467783,-123.436826378 133.101931932,149.164336853,-13.6646347183,154.421567036,137.978274104,5.86612011721,119.207132935,167.746632274,-15.9002906896,2.29074740192,-3.94222661642,151.61260214,107.687465152,71.5524776355,128.28739939,158.773538272 -178.750738842,-179.440020716,-179.859453139,179.556415986,177.755283167,179.558599775,177.329679132,178.680393748,-178.980334368,178.464877246,-178.913281636,-179.138122199,-179.518934194,-174.958183542,179.789472664,-176.888163459
L1 17 1 1 L1-17-1 TTTTTTTTTTTTTTTTT -119.59130682,-99.4144567792,-73.743135701,-134.212776592,-68.0136723486,-110.570262708,-86.818794928,-89.3691235269,-57.9148323751,-68.1628227936,-114.023865814,57.8112628536,-115.899294511,-90.0231017899,-79.3921027077,-127.531432521,-123.635740392 130.919028561,146.803974635,-16.3824358099,159.847720117,137.533055239,-0.982153547817,117.478922831,119.503081588,-38.9864775331,-33.0876949202,-8.95784816678,37.3214464622,139.082385152,121.140455445,59.232851306,130.902923013,153.429640649 -179.056964072,179.894612083,177.478990954,178.599648186,178.217741368,-179.669225747,179.4629636,178.770190413,-177.277081677,-178.231578844,-179.920175249,179.777703044,179.651648515,178.193256154,-178.379008565,-179.59431393,177.065244817
L2 8 4 1 L2-8-4 TTTTTTTT -149.13101412,59.301457556,-86.3017565717,-150.479499987,-102.061531265,-116.875451204,-58.3859192994,-51.638273835 156.911985071,-148.781136325,-34.1732792759,26.8875469515,111.40960125,115.656163597,147.089821534,135.803070609 168.628612698,-176.800432835,-174.472734359,-170.920381325,178.929357749,173.492474362,179.584861343,173.927051404
L2 8 6 1 L2-8-6 TTTTTTTT -118.420965462,-109.306000716,10.5097651632,-131.806454595,-101.864826874,-62.8967486779,-69.6824800118,-64.9804720753 -48.4911921486,120.50393248,-51.54583251,17.6120584602,114.332676318,149.038470631,161.614790959,-14.1869195924 -175.845588883,170.058747223,-163.490922021,-170.315533542,-176.355186534,-176.851766912,174.831316679,-176.723474422
L2 8 1 1 L2-8-1 TTTTTTTT -128.187965416,46.5511744875,70.6910210548,-128.599474757,-89.1296085192,-81.8973038602,-67.6918702372,-53.4993251572 161.317047296,43.4458222952,-43.0668963923,-2.13627392721,127.831912038,127.196563215,153.771124482,135.081934636 174.996375013,-176.679888183,178.035208489,-175.63208079,-178.347972749,178.632657564,179.516160225,179.748948859
L3 10 3 1 L3-10-3 TTTTTTTTTT -150.005763635,-138.235202138,-59.4238229501,-128.514130832,84.4004453532,44.7876473796,58.7372959628,-134.802461267,-126.734173522,-132.607331148 141.628337757,145.302910356,138.455855597,26.0021619351,152.882896681,51.7290338646,48.0824467462,153.762701647,151.305892556,133.192018419 178.16349344,175.68412283,163.636436562,-173.937664652,176.76670971,175.756943886,174.833079109,174.832399145,173.635529101,175.054379479
L3 10 2 1 L3-10-2 TTTTTTTTTT -147.510963281,-130.374010895,-73.9531527468,-143.589032384,-58.7779534793,-99.517783237,-98.9399609016,72.0456711952,-134.437023328,-123.748145545 139.497008987,153.685894495,154.942475311,136.364325663,-34.5782956666,-41.4427561363,-3.8967398414,-57.319248619,135.353414727,138.902264778 -178.299969698,170.943968751,170.816995326,-178.75186625,-178.466443985,-173.811420444,-174.529644391,-177.425103845,176.473111592,173.486565004
L3 10 1 1 L3-10-1 TTTTTTTTTT -146.85461909,-128.553135012,-74.3220041116,-115.381723768,-76.3123079119,-88.6453009391,61.9612386679,-109.111360408,-114.85577995,-127.204982103 138.599941216,144.930566668,145.101456892,177.015002651,-13.271408374,2.63512967999,33.9357093812,171.581257452,135.470174338,117.743427636 175.528589822,-177.540290474,173.693419658,-175.323713612,177.745970726,177.785210866,-173.474173786,174.631482473,176.967222014,-173.794963453
L3 10 cis7and8-1 1 L3-10-cis7and8-1 TTTTTTCCTT -146.946967195,-122.334198995,-130.35005601,-79.5014693181,-134.976813926,-144.347294313,-75.67744535,-82.4282552122,-71.2226352143,-128.961993285 151.622405559,141.371556206,21.5921675356,-38.4606456319,95.462696621,161.393561896,157.3443497,151.353927021,143.038477251,146.694893011 -177.353380314,-176.619834237,175.081314752,179.863902167,-176.397211326,179.641060374,-0.300125805479,-0.0724905661533,172.490047332,-177.087022545
L3 11 1 1 L3-11-1 TTTTTTTTTTT -156.201748795,-162.905136096,-87.5104449711,-114.509728439,-67.4770450826,-79.9068851655,-103.471983989,54.330489442,-159.765444126,-81.6701441542,-130.184822511 154.582145129,170.081266992,142.529487539,114.897008369,-24.3879382822,-27.1568186072,-13.0078350099,50.3213512367,158.750699704,141.309106945,138.724312488 179.388446322,179.176191296,177.843682198,177.715522634,-178.399820092,-179.738980608,-179.366979167,-178.102748448,-179.975756125,177.824593715,178.673358717
L3 11 2 1 L3-11-2 TTTTTTTTTTT -151.25567568,-158.107537801,-113.89196952,-86.4752480657,-66.6392326392,-72.0863850366,75.1225731445,-117.720042746,-117.685980049,-95.1984088122,-161.535355471 121.94559486,178.493662095,165.310071192,-169.124871446,-31.2991403705,-18.3305065552,3.88056421623,-3.90826149161,115.925203683,162.483300334,139.19598154 -177.2664209,179.476053478,-179.59693646,-177.869396703,-177.648185124,-179.149157967,-177.297509006,179.54118682,-178.185056202,175.078701624,178.102629595
L3 8 1 1 L3-8-1 TTTTTTTT -150.615418088,-96.7035579999,-134.05258437,-73.6963446551,-144.636248503,65.0727734492,-140.263342967,-152.75663578 126.937206912,148.797652704,33.3307622096,-43.1976005146,105.984594428,-149.891779403,146.743329576,135.690840864 -179.263051654,176.759019273,176.892383946,177.747649491,178.963603436,-175.856165005,178.800886299,177.463665917
L3 8 3 1 L3-8-3 TTTTTTTT -143.388224164,-109.071494142,-120.046236676,-63.142398594,-124.418674176,-63.573681157,-63.508719026,-134.475906793 141.577045123,139.587541749,17.9351110797,-42.7988436714,-167.71816871,143.462726011,134.691713935,150.74505413 171.807693158,178.394455999,176.265078838,175.80933711,169.091601185,-170.755460901,-164.174337353,175.302174869
L3 9 cis7-2 1 L3-9-cis7-2 TTTTTTCTT -145.165732594,-96.9553037847,-123.595432067,-90.7607072129,61.0920215243,-139.952051763,-77.7791730616,-80.6712066973,-141.242294584 135.347636269,151.201599017,28.6805189279,104.714569922,-152.535282094,153.533118596,150.099774775,153.422540313,161.43319256 178.37296752,177.976769839,179.213050019,179.385520066,-179.392155954,179.69412688,0.154012097481,175.938536824,178.568826602
L3 9 cis7-1 1 L3-9-cis7-1 TTTTTTCTT -139.085202622,-103.681738652,-131.333303874,-67.2205916181,-137.425038371,-83.066106091,-80.079262291,-61.6771931535,-129.949970833 134.634073988,140.310589886,31.5843975937,-38.032610047,151.925239927,138.948119231,152.154706571,138.026582026,147.159828362 178.257380112,176.858637977,174.689277643,171.846551602,-179.330510734,167.974112223,-0.0169658926278,172.42695543,179.726012148
L3 9 cis7-4 1 L3-9-cis7-4 TTTTTTCTT -168.201019433,-71.3001207051,-97.3644372394,-66.5780661665,-139.433885942,-61.4738716257,-86.6330667853,53.1213804065,-66.4438244126 124.975160525,118.996691605,10.0347737223,-58.7163856143,152.591329308,152.736156694,30.5030481824,56.9905695682,151.227091889 -179.074071366,175.3305897,177.724850077,-174.293679051,-179.354793226,175.099974933,2.55709332949,169.444282399,-172.648897136
L3 9 3 1 L3-9-3 TTTTTTTTT -153.373406704,-86.3300925192,-115.53508313,-114.69449173,-52.5963853454,-136.036059326,-159.756886893,-153.407016783,-140.727323691 125.797999748,125.724772348,128.917727725,173.856900867,-38.4878426763,16.46912854,170.619226002,164.12923651,145.629184334 -173.03454167,167.394223227,176.156966651,175.62212645,-175.308107184,-171.887734986,175.618954576,177.370806613,171.299622261
L3 9 1 1 L3-9-1 TTTTTTTTT -142.942586215,-127.837334542,-107.089438688,-161.481161445,52.9432419063,66.4945324455,-139.062620541,-92.449353209,-135.806387425 128.956988113,173.02642029,151.229434826,119.295515973,50.912955681,25.0805852764,151.677677184,143.503124349,131.651653052 -170.38966662,172.80778294,162.181491868,175.587612973,174.444789404,178.773447896,172.752970481,174.140353481,178.478683027
L3 9 2 1 L3-9-2 TTTTTTTTT -143.718424091,-105.685704277,-137.219314489,-91.6606623231,-127.06666047,-61.8642655117,-84.2742591432,-81.2903165317,-133.480751377 133.032450014,141.592155824,37.5328291878,-5.43479924227,160.994583519,-32.3743001045,101.093540169,141.301067536,149.446508075 -179.234540502,172.299034123,178.232443126,177.628290366,171.364401388,179.510178818,172.219775081,176.908780275,177.942847335
L4 6 lambda 1 L4-6-lambda-1 TTTTTT -98.8966723047,-143.676885356,60.7035098061,-93.3100980464,-127.773076504,-86.4356736454 135.760072288,111.990327731,-132.637881818,14.5850763116,163.227550838,155.101915965 168.451606009,-172.825711806,-169.650949357,-176.266693962,-170.068980932,165.730649883
L4 6 lambda,kappa 1 L4-6-lambda,kappa-1 TTTTTT -144.563424497,-144.428095793,63.6463545934,-94.4116777964,-117.883930643,-114.057185933 140.236422533,109.235527847,-118.88437163,9.16953716789,131.646792481,149.91573445 178.78105055,175.87946521,-176.743522126,179.276753171,-178.147526278,176.089856014
L4 6 kappa 1 L4-6-kappa-1 TTTTTT 116.584095583,-165.038465679,72.6551357501,-116.471998854,-119.918051522,-133.459468584 173.608498986,160.599081724,-102.937564881,-8.2021831303,123.836414916,159.015599709 178.52717897,-179.632599142,178.267176043,-179.665743782,-177.142409249,-178.055711095
L4 6 kappa 2 L4-6-kappa-2 TTTTTT 161.236611157,-78.9640434498,-75.559806702,-116.413363118,-129.23096097,-135.827584623 162.944534629,-150.823497723,-30.9064981211,-20.5317413076,124.91260558,151.428663087 174.206588898,178.143176266,165.932539117,-173.408625636,-171.211950955,-170.649651892
